1

6724 13776 21160 28880 22180 15136 7744 
8100 16560 25384 34576 26500 18048 9216 
29584 60544 92896 126656 97168 66240 33856 
6724 13776 21160 28880 36940 45344 54096 63200 56588 49616 42280 34576 26500 18048 9216 
9604 19600 29992 40784 31204 21216 10816 
11236 22896 34984 47504 36292 24640 12544 
41616 84864 129760 176320 134800 91584 46656 
9604 19600 29992 40784 51980 63584 75600 88032 78540 68624 58280 47504 36292 24640 12544 
32400 66240 101536 138304 106000 72192 36864 
38416 78400 119968 163136 124816 84864 43264 
141376 288768 442240 601856 460864 313600 160000 
32400 66240 101536 138304 176560 216320 257600 300416 268464 234944 199840 163136 124816 84864 43264 
6724 13776 21160 28880 36940 45344 54096 63200 72660 82480 92664 103216 114140 125440 137120 149184 142940 136304 129272 121840 114004 105760 97104 88032 78540 68624 58280 47504 36292 24640 12544 
6724 13776 21160 28880 36940 45344 54096 63200 72660 82480 92664 103216 114140 125440 137120 149184 142940 136304 129272 121840 114004 105760 97104 88032 78540 68624 58280 47504 36292 24640 12544 
 13184 16016 19040 17388 15536 13480 11216 8740 6048 3136 
289 612 970 1364 1795 2264 2772 3320 3909 4540 5214 5932 6695 7504 8360 9264 9095 8876 8606 8284 7909 7480 6996 6456 5859 5204 4490 3716 2881 1984 1024 
324 720 1192 1744 1444 1056 576 
676 1456 2344 3344 2692 1920 1024 
1936 4224 6880 9920 8080 5824 3136 
324 720 1192 1744 2380 3104 3920 4832 4620 4304 3880 3344 2692 1920 1024 
1156 2448 3880 5456 4324 3040 1600 
1764 3696 5800 8080 6340 4416 2304 
5776 12160 19168 26816 21136 14784 7744 
1156 2448 3880 5456 7180 9056 11088 13280 122361089 2244 3466 4756 6115 7544 9044 10616 12261 13980 15774 17644 19591 214624 9792 15520 21824 17296 12160 6400 
14400 30720 49024 69376 55360 39168 20736 
2704 5824 9376 13376 17840 22784 28224 34176 31920 29120 25760 21824 17296 12160 6400 
324 720 1192 1744 2380 3104 3920 4832 5844 6960 8184 9520 10972 12544 14240 16064 16220 16240 16120 15856 15444 14880 14160 13280 12236 11024 9640 8080 6340 4416 2304 
1 4 10 20 35 56 84 120 165 220 286 364 455 560 680 816 969 1140 1330 1540 1771 2024 2300 2600 2925 3276 3654 4060 4495 4960 5456 5984 6479 6940 7366 7756 8109 8424 8700 8936 9131 9284 9394 9460 9481 9456 9384 9264 9095 8876 8606 8284 7909 7480 6996 6456 5859 5204 4490 3716 2881 1984 1024 
1 4 10 20 35 56 84 120 165 220 286 364 455 560 680 816 969 1140 1330 1540 1771 2024 2300 2600 2925 3276 3654 4060 4495 4960 5456 5984 6479 6940 7366 7756 8109 8424 8700 8936 9131 9284 9394 9460 9481 9456 9384 9264 9095 8876 8606 8284 7909 7480 6996 6456 5859 5204 4490 3716 2881 1984 1024 
13980 15774 17644 19591 21616 23720 25904 28169 30516 32946 35460 38059 40744 43516 46376 49325 52364 55494 58716 62031 65440 68944 72544 71951 71260 70470 69580 68589 67496 66300 65000 63595 62084 60466 58740 56905 54960 52904 50736 48455 46060 43550 40924 38181 35320 32340 29240 26019 22676 19210 15620 11905 8064 4096 
500 18048 9216 
1 4 10 20 35 56 84 120 165 220 286 364 455 560 680 816 969 1140 1330 1540 1771 2024 2300 2600 2925 3276 3654 4060 4495 4960 5456 5984 6545 7140 7770 8436 9139 9880 10660 11480 12341 13244 14190 15180 16215 17296 18424 19600 20825 22100 23426 24804 26235 27720 29260 30856 32509 34220 35990 37820 39711 41664 43680 45760 47775 49724 51606 53420 55165 56840 58444 59976 61435 62820 64130 65364 66521 67600 68600 69520 70359 71116 71790 72380 72885 73304 73636 73880 74035 74100 74074 73956 73745 73440 73040 72544 71951 71260 70470 69580 68589 67496 66300 65000 63595 62084 60466 58740 56905 54960 52904 50736 48455 46060 43550 40924 38181 35320 32340 29240 26019 22676 19210 15620 11905 8064 4096 0 
1 4 10 20 35 56 84 120 165 220 286 364 455 560 680 816 969 1140 1330 1540 1771 2024 2300 2600 2925 3276 3654 4060 4495 4960 5456 5984 6545 7140 7770 8436 9139 9880 10660 11480 12341 13244 14190 15180 16215 17296 18424 19600 20825 22100 23426 24804 26235 27720 29260 30856 32509 34220 35990 37820 39711 41664 43680 45760 47775 49724 51606 53420 55165 56840 58444 59976 61435 62820 64130 65364 66521 67600 68600 69520 70359 71116 71790 72380 72885 73304 73636 73880 74035 74100 74074 73956 73745 73440 73040 72544 71951 71260 70470 69580 68589 67496 66300 65000 63595 62084 60466 58740 56905 54960 52904 50736 48455 46060 43550 40924 38181 35320 32340 29240 26019 22676 19210 15620 11905 8064 4096 0 
